3 2 1,0.00000000 1.50000000 1.00000000,0.00000000 1.50000000 0.00000000,0.00000000 0.00000000 0.00000000
2 2 1,0.00000000 0.00000000 0.00000000,0.00000000 0.00000000 1.00000000,0.00000000 1.50000000 1.00000000
1 0 1,3.00000000 0.00000000 0.00000000,3.00000000 1.50000000 0.00000000,3.00000000 1.50000000 1.00000000
3 2 2,3.00000000 1.50000000 1.00000000,3.00000000 0.00000000 1.00000000,3.00000000 0.00000000 0.00000000
2 0 1,0.00000000 1.50000000 2.00000000,0.00000000 1.50000000 1.00000000,0.00000000 0.00000000 1.00000000
3 1 2,0.00000000 0.00000000 1.00000000,0.00000000 0.00000000 2.00000000,0.00000000 1.50000000 2.00000000
1 0 0,3.00000000 0.00000000 1.00000000,3.00000000 1.50000000 1.00000000,3.00000000 1.50000000 2.00000000
1 2 0,3.00000000 1.50000000 2.00000000,3.00000000 0.00000000 2.00000000,3.00000000 0.00000000 1.00000000
2 1 0,0.00000000 3.00000000 1.00000000,0.00000000 3.00000000 0.00000000,0.00000000 1.50000000 0.00000000
3 2 2,0.00000000 1.50000000 0.00000000,0.00000000 1.50000000 1.00000000,0.00000000 3.00000000 1.00000000
3 0 2,3.00000000 1.50000000 0.00000000,3.00000000 3.00000000 0.00000000,3.00000000 3.00000000 1.00000000
1 0 1,3.00000000 3.00000000 1.00000000,3.00000000 1.50000000 1.00000000,3.00000000 1.50000000 0.00000000
3 1 1,0.00000000 3.00000000 2.00000000,0.00000000 3.00000000 1.00000000,0.00000000 1.50000000 1.00000000
1 2 0,0.00000000 1.50000000 1.00000000,0.00000000 1.50000000 2.00000000,0.00000000 3.00000000 2.00000000
3 0 0,3.00000000 1.50000000 1.00000000,3.00000000 3.00000000 1.00000000,3.00000000 3.00000000 2.00000000
3 0 1,3.00000000 3.00000000 2.00000000,3.00000000 1.50000000 2.00000000,3.00000000 1.50000000 1.00000000
3 1 2,0.00000000 3.00000000 0.00000000,1.50000000 3.00000000 1.00000000,1.50000000 3.00000000 0.00000000
3 1 0,0.00000000 3.00000000 0.00000000,0.00000000 3.00000000 1.00000000,1.50000000 3.00000000 1.00000000
1 1 2,1.50000000 0.00000000 1.00000000,0.00000000 0.00000000 1.00000000,0.00000000 0.00000000 0.00000000
1 1 1,0.00000000 0.00000000 0.00000000,1.50000000 0.00000000 0.00000000,1.50000000 0.00000000 1.00000000
2 2 2,1.50000000 3.00000000 0.00000000,3.00000000 3.00000000 1.00000000,3.00000000 3.00000000 0.00000000
1 0 1,1.50000000 3.00000000 0.00000000,1.50000000 3.00000000 1.00000000,3.00000000 3.00000000 1.00000000
2 2 1,3.00000000 0.00000000 1.00000000,1.50000000 0.00000000 1.00000000,1.50000000 0.00000000 0.00000000
2 2 0,1.50000000 0.00000000 0.00000000,3.00000000 0.00000000 0.00000000,3.00000000 0.00000000 1.00000000
3 0 1,0.00000000 3.00000000 1.00000000,1.50000000 3.00000000 2.00000000,1.50000000 3.00000000 1.00000000
3 0 0,0.00000000 3.00000000 1.00000000,0.00000000 3.00000000 2.00000000,1.50000000 3.00000000 2.00000000
1 2 0,1.50000000 0.00000000 2.00000000,0.00000000 0.00000000 2.00000000,0.00000000 0.00000000 1.00000000
3 0 1,0.00000000 0.00000000 1.00000000,1.50000000 0.00000000 1.00000000,1.50000000 0.00000000 2.00000000
1 2 1,1.50000000 3.00000000 1.00000000,3.00000000 3.00000000 2.00000000,3.00000000 3.00000000 1.00000000
3 2 1,1.50000000 3.00000000 1.00000000,1.50000000 3.00000000 2.00000000,3.00000000 3.00000000 2.00000000
1 0 2,3.00000000 0.00000000 2.00000000,1.50000000 0.00000000 2.00000000,1.50000000 0.00000000 1.00000000
2 2 1,1.50000000 0.00000000 1.00000000,3.00000000 0.00000000 1.00000000,3.00000000 0.00000000 2.00000000
3 0 0,1.50000000 0.00000000 2.00000000,1.50000000 1.50000000 2.00000000,0.00000000 1.50000000 2.00000000
3 0 2,0.00000000 1.50000000 2.00000000,0.00000000 0.00000000 2.00000000,1.50000000 0.00000000 2.00000000
2 0 0,0.00000000 0.00000000 0.00000000,0.00000000 1.50000000 0.00000000,1.50000000 0.00000000 0.00000000
1 0 2,0.00000000 1.50000000 0.00000000,1.50000000 1.50000000 0.00000000,1.50000000 0.00000000 0.00000000
3 0 2,3.00000000 0.00000000 2.00000000,3.00000000 1.50000000 2.00000000,1.50000000 1.50000000 2.00000000
3 2 1,1.50000000 1.50000000 2.00000000,1.50000000 0.00000000 2.00000000,3.00000000 0.00000000 2.00000000
1 0 2,1.50000000 0.00000000 0.00000000,1.50000000 1.50000000 0.00000000,3.00000000 0.00000000 0.00000000
1 0 0,1.50000000 1.50000000 0.00000000,3.00000000 1.50000000 0.00000000,3.00000000 0.00000000 0.00000000
2 0 2,1.50000000 1.50000000 2.00000000,1.50000000 3.00000000 2.00000000,0.00000000 3.00000000 2.00000000
1 2 2,0.00000000 3.00000000 2.00000000,0.00000000 1.50000000 2.00000000,1.50000000 1.50000000 2.00000000
1 1 2,0.00000000 1.50000000 0.00000000,0.00000000 3.00000000 0.00000000,1.50000000 1.50000000 0.00000000
2 2 1,0.00000000 3.00000000 0.00000000,1.50000000 3.00000000 0.00000000,1.50000000 1.50000000 0.00000000
1 1 1,3.00000000 1.50000000 2.00000000,3.00000000 3.00000000 2.00000000,1.50000000 3.00000000 2.00000000
2 0 2,1.50000000 3.00000000 2.00000000,1.50000000 1.50000000 2.00000000,3.00000000 1.50000000 2.00000000
2 0 1,1.50000000 1.50000000 0.00000000,1.50000000 3.00000000 0.00000000,3.00000000 1.50000000 0.00000000
3 0 0,1.50000000 3.00000000 0.00000000,3.00000000 3.00000000 0.00000000,3.00000000 1.50000000 0.00000000
